#Layer 1 Weights:
0.670562386512756348 0.146914735436439514 -0.719327390193939209 0.311119258403778076 -0.612945020198822021 0.135408550500869751 -0.306134343147277832 -0.050120111554861069 0.104838199913501740 0.737981498241424561 2.503381729125976562 -0.231447324156761169 0.708319962024688721 -0.195054262876510620 0.407790333032608032 -1.643519401550292969 -0.600292146205902100 -0.419219583272933960 0.053444072604179382 0.376848161220550537
0.454318434000015259 -0.052240658551454544 -0.819580256938934326 0.045568510890007019 0.080010518431663513 0.067114025354385376 -0.517745912075042725 1.305007576942443848 0.304759949445724487 -0.252601236104965210 0.070759937167167664 -0.344263553619384766 -0.153604030609130859 0.585863888263702393 -0.625078856945037842 0.662844240665435791 -0.967985987663269043 0.892028033733367920 0.869631886482238770 -1.426402688026428223
-0.933106005191802979 0.013015033677220345 -0.326445221900939941 -1.104286074638366699 -0.931587159633636475 0.267407596111297607 -0.319622367620468140 -1.034868478775024414 0.145315527915954590 -0.068063259124755859 0.079112872481346130 -0.729494512081146240 -0.766389012336730957 -0.335570007562637329 -0.591057598590850830 0.936099290847778320 -0.409885555505752563 -0.298536449670791626 -1.020275831222534180 -1.224466443061828613
-0.580465018749237061 -2.341951131820678711 -0.241105809807777405 -0.697856545448303223 -0.740078985691070557 -2.139772176742553711 -0.612846136093139648 -2.803354501724243164 -2.434570074081420898 -2.432783365249633789 -3.739804267883300781 -0.861720144748687744 -0.571707129478454590 -2.267796993255615234 -0.909769415855407715 -1.298195362091064453 -0.588312208652496338 -0.522023260593414307 -0.976184368133544922 -0.899641752243041992
0.505847454071044922 -0.668182313442230225 -0.442125558853149414 0.105064019560813904 -0.303547978401184082 -0.436117589473724365 -0.168919578194618225 -0.292953908443450928 -0.037300918251276016 -0.014419377781450748 -0.560607314109802246 0.177608653903007507 0.505285978317260742 0.543665409088134766 -0.621516466140747070 -0.913737058639526367 -0.015245637856423855 0.018645964562892914 0.322744071483612061 0.199171096086502075
0.312325000762939453 -2.032944440841674805 -0.977793812751770020 0.697437047958374023 -0.972217917442321777 -1.803278565406799316 -1.239267587661743164 -0.379724353551864624 -1.671008467674255371 -1.982291936874389648 -3.180757522583007812 -1.990878343582153320 0.943766474723815918 -1.303341627120971680 -2.137851238250732422 -2.283823251724243164 -0.891247212886810303 -0.364516168832778931 -1.671155810356140137 1.348971962928771973
0.533943533897399902 -0.489745497703552246 0.022983994334936142 -0.476110905408859253 0.032379996031522751 -0.597179472446441650 -0.653439581394195557 -0.201600939035415649 -0.594892680644989014 -0.819379448890686035 -1.003447413444519043 -0.028027400374412537 0.968066155910491943 -0.221122458577156067 0.591021358966827393 -0.295980751514434814 -0.108925186097621918 -0.722945928573608398 0.510365307331085205 1.634806036949157715
-0.753195703029632568 -0.930678725242614746 -0.804854273796081543 -0.097928404808044434 -0.628451168537139893 -0.481053531169891357 -0.855981886386871338 -0.404723793268203735 -0.241462871432304382 -0.167215898633003235 -0.585264623165130615 -0.553961336612701416 -0.387475341558456421 -0.247006580233573914 -1.058597803115844727 -0.872637271881103516 -0.439751207828521729 -0.217157244682312012 -0.714045166969299316 1.622523546218872070
0.652040004730224609 -1.061259984970092773 -0.622685790061950684 -0.297311007976531982 -0.050586216151714325 -0.929345011711120605 0.039034511893987656 -0.863770842552185059 -0.384942561388015747 -0.807371675968170166 -0.460030078887939453 0.041106197983026505 0.175556629896163940 -0.714575052261352539 0.250314474105834961 -0.468672454357147217 -0.396355003118515015 -0.475831031799316406 0.384938478469848633 1.834529042243957520
-0.199342921376228333 -0.863081753253936768 -0.088531605899333954 -0.656652331352233887 -0.403347522020339966 -0.832919239997863770 -0.360759556293487549 0.570423185825347900 -0.570507705211639404 -0.887852668762207031 -0.510881960391998291 -0.154435023665428162 -0.385592520236968994 -0.758790135383605957 0.250768244266510010 0.231107518076896667 -0.201993316411972046 0.052308168262243271 0.543825924396514893 1.079838275909423828
0.702585220336914062 -1.421344518661499023 0.009120470844209194 0.890698552131652832 -0.687420248985290527 -1.446369290351867676 -0.516040503978729248 -0.543276786804199219 -1.324562907218933105 -1.598158240318298340 -1.501826047897338867 -0.629063487052917480 0.630721569061279297 -0.977945864200592041 -0.074271515011787415 -0.913242280483245850 -0.082555316388607025 -0.808316171169281006 -0.896166443824768066 1.758150458335876465
-0.095313772559165955 -2.201890707015991211 -0.617377936840057373 0.346280872821807861 -0.345774650573730469 -1.434707164764404297 -0.108818024396896362 -0.785862743854522705 -1.534679174423217773 -2.782484054565429688 -2.277561187744140625 -0.494689583778381348 -0.016278417780995369 -1.093898892402648926 -0.462950199842453003 -1.597515821456909180 -0.256019741296768188 -0.939521670341491699 -0.399708122014999390 1.108522772789001465
0.665223181247711182 -0.654266953468322754 -0.422600358724594116 0.696979105472564697 -0.491305947303771973 -1.066266179084777832 -0.743602216243743896 2.274661064147949219 -1.029798626899719238 -0.659712195396423340 -1.220164895057678223 -1.278727650642395020 1.084959268569946289 -1.063535332679748535 -1.377609729766845703 -1.166694521903991699 -1.062882423400878906 -0.333957344293594360 -0.992410778999328613 0.990917921066284180
-0.033408287912607193 -2.417095661163330078 -0.811710178852081299 0.418812006711959839 -0.945276319980621338 -3.408239364624023438 -1.380686998367309570 -0.936926424503326416 -2.064624786376953125 -1.518572568893432617 -5.059800148010253906 -1.692220091819763184 0.492154121398925781 -1.031697869300842285 -2.104620695114135742 0.075157560408115387 -0.979459166526794434 0.175682738423347473 0.080327853560447693 -0.491712212562561035
0.161560401320457458 -2.442190647125244141 -0.537490844726562500 0.357689917087554932 -0.161217287182807922 -2.598347663879394531 -0.450213521718978882 0.673038423061370850 -1.850503921508789062 -2.453025817871093750 -2.616104364395141602 -0.251423746347427368 0.471851289272308350 -0.713139593601226807 -1.118810892105102539 -1.255767107009887695 -0.624094545841217041 -0.953599452972412109 -0.726245701313018799 -1.934030175209045410
0.360064566135406494 -0.970826983451843262 -0.813051044940948486 -0.317531675100326538 -0.348162710666656494 -0.838958024978637695 -0.994700312614440918 0.148964941501617432 -0.823130190372467041 -0.583296418190002441 -0.827636003494262695 -0.470075815916061401 0.148972123861312866 0.287061631679534912 -0.715275526046752930 -1.241593837738037109 -0.542135417461395264 -0.053894046694040298 -0.445245712995529175 0.648861825466156006
0.529758393764495850 0.722437083721160889 -0.522780954837799072 0.335372567176818848 -0.718922495841979980 0.860109925270080566 -1.071482658386230469 1.131895661354064941 1.134338974952697754 1.044247865676879883 0.796790778636932373 -0.483673244714736938 1.158115744590759277 0.380533456802368164 -0.166115954518318176 1.232315063476562500 -0.675139665603637695 0.922245740890502930 0.297324627637863159 0.375727206468582153
-0.314491420984268188 -1.017968773841857910 -0.735638976097106934 -0.714819371700286865 -0.191745728254318237 -0.943475484848022461 -0.147743657231330872 -0.158724278211593628 -0.957147896289825439 -0.818756937980651855 -1.036388754844665527 -0.133586555719375610 -0.463128387928009033 -0.345430254936218262 0.500898599624633789 -0.046038214117288589 0.044307582080364227 -0.291396051645278931 0.485618770122528076 1.127540230751037598
-0.131969153881072998 -2.535243034362792969 -0.349257171154022217 -0.233643919229507446 -0.039632774889469147 -2.306396961212158203 -0.433089226484298706 -0.839451491832733154 -1.431765437126159668 -3.612485408782958984 -2.764775514602661133 -0.785128772258758545 0.262316882610321045 -1.141758203506469727 -0.153080955147743225 -1.720947742462158203 -0.196124002337455750 -0.454302847385406494 -0.742508649826049805 0.920078396797180176
0.187829405069351196 -0.671943664550781250 -0.290485411882400513 0.518461167812347412 0.870032310485839844 -1.131690859794616699 -0.559443116188049316 -0.430948823690414429 -1.253472089767456055 -0.652252197265625000 -1.194498419761657715 -0.344327688217163086 0.172254055738449097 -1.234864234924316406 -1.765562176704406738 -1.731262922286987305 0.252022802829742432 -0.293793618679046631 -1.412425279617309570 -1.365493297576904297
