#Layer 8 Weights:
-0.130499854683876038
0.185541212558746338
-0.023046264424920082
0.159787014126777649
-0.142112761735916138
-0.091996558010578156
-0.103111021220684052
-0.212347269058227539
-0.020149543881416321
0.111272551119327545
0.029211057350039482
-0.018601013347506523
-0.112075656652450562
-0.097187347710132599
0.064424328505992889
-0.039475299417972565
0.176865816116333008
-0.044173255562782288
-0.215928941965103149
0.073665224015712738
-0.220726758241653442
-0.052677612751722336
0.051664032042026520
0.103892676532268524
0.134901925921440125
-0.173465594649314880
0.028595868498086929
0.009606878273189068
-0.060081895440816879
0.147516608238220215
-0.002399530494585633
0.025671385228633881
-0.013555393554270267
-0.123998083174228668
-0.097371257841587067
-0.019588485360145569
0.012543374672532082
-0.078985556960105896
0.221675872802734375
0.028328664600849152
0.097029842436313629
0.110331363976001740
-0.163624420762062073
0.199557557702064514
-0.180446505546569824
-0.130150675773620605
0.161499023437500000
-0.080143839120864868
-0.018343931064009666
0.168406680226325989
-0.053557835519313812
0.049781542271375656
-0.197861298918724060
-0.185008674860000610
0.120705567300319672
0.162492543458938599
0.046668581664562225
-0.160637214779853821
-0.123226448893547058
0.142388314008712769
-0.134651944041252136
-0.080296352505683899
0.009221815504133701
-0.067044563591480255
0.088712200522422791
0.213392704725265503
-0.003106560558080673
-0.093695931136608124
0.158501237630844116
0.039247620850801468
-0.153907939791679382
0.014942690730094910
0.019405558705329895
0.083610974252223969
-0.147494927048683167
0.168206289410591125
-0.011664608493447304
0.098268553614616394
-0.139173358678817749
0.053338140249252319
0.030339634045958519
-0.235690429806709290
-0.214597955346107483
-0.003670053090900183
-0.015867760404944420
0.113479934632778168
0.109380930662155151
-0.003383748931810260
0.157655835151672363
0.031970094889402390
0.146663650870323181
0.238126739859580994
-0.023011157289147377
0.021914327517151833
-0.037652447819709778
-0.149998426437377930
0.063441947102546692
-0.028645604848861694
0.187584429979324341
0.078960388898849487
