#Layer 1 Weights:
-0.975683033466339111 -0.315041244029998779 -7.720519065856933594 0.377450376749038696 -0.674634516239166260 -6.352486610412597656 -0.613345742225646973 -0.877371907234191895 0.142989352345466614 -0.656286835670471191 -0.487187951803207397 -0.616788506507873535 -0.758104145526885986 -5.916043758392333984 -0.637289762496948242 -1.116900444030761719 -1.472332119941711426 -2.017415761947631836 -0.652462303638458252 -0.849990129470825195
-0.341741353273391724 -0.350237786769866943 -0.054927613586187363 0.111828945577144623 -0.806532859802246094 -0.189922422170639038 -0.554662764072418213 0.318344563245773315 -0.390185207128524780 -0.750783562660217285 0.173049047589302063 -0.298837721347808838 -0.120758563280105591 0.315347224473953247 -0.454533278942108154 -2.771869182586669922 -0.402477771043777466 -0.150561600923538208 -0.007840784266591072 -0.362498164176940918
-0.420487761497497559 -1.688090205192565918 -1.701810121536254883 -0.053290840238332748 -1.058826684951782227 -2.800950050354003906 -0.410896450281143188 -0.968638300895690918 -0.638663232326507568 -0.244927048683166504 -0.864131927490234375 -0.196394443511962891 -0.334614902734756470 -0.989493846893310547 -0.290065646171569824 5.940957546234130859 -1.172591567039489746 -1.306289792060852051 -0.757992506027221680 -0.646971046924591064
-0.110790811479091644 0.386479556560516357 0.149406164884567261 -1.185373544692993164 0.673307478427886963 -1.042977452278137207 0.274198681116104126 0.744575679302215576 0.339386999607086182 0.298903107643127441 -0.151465192437171936 0.471519112586975098 -0.002735151210799813 -1.077029943466186523 -0.324852496385574341 0.727715790271759033 0.121480144560337067 0.325145512819290161 -0.469212085008621216 0.244802102446556091
0.308358758687973022 0.498218327760696411 0.439853996038436890 0.223939627408981323 1.917314410209655762 1.526023387908935547 0.944832563400268555 0.941605091094970703 0.104260630905628204 0.191692218184471130 1.003136873245239258 -0.087692409753799438 0.149872437119483948 2.285028219223022461 0.186157464981079102 -1.751487135887145996 1.505041480064392090 0.767682850360870361 -0.047905180603265762 0.096342109143733978
-0.164701029658317566 0.237613528966903687 -0.713062942028045654 -0.379026561975479126 -0.940570533275604248 -0.536544144153594971 -0.728238344192504883 -0.204398974776268005 -0.384308665990829468 -0.309235453605651855 -0.322342246770858765 -0.341184198856353760 -0.245391339063644409 -0.154446959495544434 -0.146702706813812256 -3.791364431381225586 -0.226008802652359009 -0.358678638935089111 -0.697594344615936279 -0.810902476310729980
-0.936969339847564697 -0.299506038427352905 -1.068841457366943359 1.263783693313598633 -0.578320086002349854 -1.361024260520935059 -0.934406280517578125 -2.578647136688232422 -0.571588277816772461 -0.250593423843383789 -0.130090937018394470 -0.751205563545227051 -0.463419973850250244 -0.473800331354141235 0.270507633686065674 1.351161241531372070 -0.979859352111816406 -0.966257870197296143 -0.293479233980178833 -0.578625679016113281
0.661854386329650879 0.542524456977844238 -0.881725728511810303 0.434255689382553101 0.357241958379745483 -1.396703839302062988 0.113857820630073547 0.470893859863281250 0.984830081462860107 0.698458075523376465 -0.298615455627441406 -0.053137991577386856 0.223974168300628662 0.425850331783294678 -0.491860181093215942 -5.706016540527343750 -0.474417001008987427 0.214104473590850830 -0.070700988173484802 0.348846167325973511
-0.637688219547271729 0.556267738342285156 -0.871048927307128906 -0.267051637172698975 -0.282716691493988037 -0.876048743724822998 -0.855421364307403564 -0.580144345760345459 -0.829078197479248047 -0.924286127090454102 -0.825309097766876221 1.088239073753356934 -0.632664084434509277 -0.505234837532043457 -0.045921381562948227 1.422606229782104492 -1.025667071342468262 0.022329295054078102 -0.425661087036132812 -0.360930800437927246
0.227630689740180969 -1.870178461074829102 2.909243583679199219 -0.230497032403945923 0.214571848511695862 4.432939052581787109 0.687397181987762451 1.428188562393188477 0.387281298637390137 -0.408988684415817261 0.124846361577510834 -0.649752259254455566 -0.720079064369201660 4.862801074981689453 -0.736927270889282227 -0.542075693607330322 0.934209287166595459 0.368805766105651855 -0.406807184219360352 -0.423083871603012085
0.222420886158943176 -0.436054944992065430 -0.801759779453277588 -0.249590888619422913 -0.025692084804177284 -1.614898324012756348 0.167309507727622986 0.156309440732002258 -0.440778732299804688 -0.281319797039031982 -0.593861997127532959 0.103306241333484650 -0.190640568733215332 1.281866073608398438 0.250400125980377197 -9.594758987426757812 -0.279245972633361816 -0.653212845325469971 0.219368606805801392 0.028641970828175545
-0.615961372852325439 -0.485126972198486328 -0.244001209735870361 -0.654262542724609375 -0.219668999314308167 -0.290279090404510498 -0.325769037008285522 0.063860431313514709 -0.050231568515300751 -0.500194370746612549 1.226610779762268066 -0.216122508049011230 -0.492907971143722534 0.407199621200561523 -0.040131829679012299 -3.424092531204223633 -0.697341918945312500 -0.853078126907348633 -0.415240645408630371 -0.835738837718963623
-0.795408308506011963 -0.630194187164306641 -0.231759503483772278 -0.506040930747985840 -0.704740643501281738 -0.156788066029548645 -0.312641620635986328 0.154151260852813721 -0.476356387138366699 -0.022376958280801773 -0.458951145410537720 -0.271003067493438721 -0.461748600006103516 0.362791389226913452 -0.706728100776672363 -3.314778566360473633 -0.827460348606109619 -0.944573223590850830 -0.067938044667243958 -0.222561642527580261
-0.214141428470611572 -1.647444963455200195 -0.496161311864852905 -0.305771976709365845 -0.800624907016754150 -0.597159385681152344 -0.941667318344116211 -1.098609089851379395 -0.119627326726913452 -0.194462671875953674 -0.505674183368682861 -0.098511070013046265 -0.265661656856536865 -0.632012307643890381 -0.519018590450286865 -1.273088693618774414 -1.135459780693054199 -0.716839194297790527 -0.780646324157714844 -0.390732795000076294
-0.780266165733337402 -0.727816820144653320 -2.916303157806396484 -0.550808548927307129 -0.257520526647567749 -4.009793758392333984 0.300430357456207275 -0.553235471248626709 -0.814758181571960449 -0.773044347763061523 -0.876491963863372803 -0.550730168819427490 -0.292468875646591187 -2.869083642959594727 -0.540094316005706787 0.225108355283737183 -0.600948274135589600 -0.294758528470993042 -0.572689890861511230 -0.964459836483001709
-0.589273512363433838 0.491692036390304565 -1.952770113945007324 -1.288320660591125488 -0.871916711330413818 -3.459663867950439453 -0.178912281990051270 -2.265123605728149414 -1.008712768554687500 -0.987173557281494141 -0.902611613273620605 0.795783996582031250 -1.061614155769348145 -1.803644537925720215 -0.640397369861602783 -0.062533549964427948 -1.761787533760070801 -2.602886199951171875 -0.883222639560699463 -0.958769440650939941
0.247698187828063965 0.011594450101256371 -1.446481108665466309 0.696265399456024170 0.256110668182373047 -1.281595468521118164 0.381746798753738403 -0.164679661393165588 0.698579549789428711 0.323462009429931641 -0.281911849975585938 0.283057302236557007 0.177477926015853882 0.243125811219215393 -0.420577943325042725 -9.932715415954589844 0.065523445606231689 0.104283697903156281 0.515993356704711914 0.138374820351600647
-0.427689164876937866 -0.527249336242675781 -0.757921934127807617 -0.331084489822387695 -0.263686001300811768 -0.686482429504394531 -0.984771966934204102 0.249079436063766479 -0.336031883955001831 -0.371664106845855713 0.080977253615856171 -0.170901522040367126 -0.458420246839523315 -0.232814237475395203 -0.638544559478759766 0.365682184696197510 -0.154236838221549988 -0.773665189743041992 -0.434888035058975220 -0.717216670513153076
-0.313892841339111328 -1.039130330085754395 -0.785103023052215576 -0.950429081916809082 -1.262460827827453613 -0.595537424087524414 -0.727916955947875977 -1.141600012779235840 -0.411483108997344971 -0.290428042411804199 -0.498852103948593140 -0.458676576614379883 -0.087121896445751190 -0.538183391094207764 -0.020458467304706573 0.710071146488189697 -1.240319728851318359 -0.238965138792991638 -0.081425465643405914 -0.287069529294967651
-0.889591455459594727 1.212334513664245605 5.127322673797607422 0.241151228547096252 0.007559254299849272 4.958364486694335938 -0.423743158578872681 0.332151234149932861 -0.984922349452972412 -0.593866765499114990 -0.439282447099685669 -0.621264934539794922 -0.067735299468040466 2.435362339019775391 -0.109559766948223114 -4.349663257598876953 0.052178338170051575 0.189427122473716736 -0.340092808008193970 -0.679748654365539551
