#Layer 8 Weights:
0.105390295386314392
0.000486071599880233
-0.175269007682800293
-0.000186254939762875
0.190489411354064941
0.016897419467568398
-0.168515011668205261
-0.120681427419185638
0.000075473893957678
0.000336117664119229
0.000043631109292619
-0.113852202892303467
-0.153516858816146851
0.038481816649436951
-0.018870405852794647
-0.029438233003020287
-0.155197694897651672
0.187487736344337463
0.145184889435768127
0.099548786878585815
-0.125269025564193726
-0.048170819878578186
0.004626875277608633
0.052283603698015213
0.143150702118873596
-0.186437174677848816
-0.164080679416656494
0.000104064478364307
-0.224024742841720581
0.201735228300094604
0.214753970503807068
-0.296523749828338623
-0.047037143260240555
0.000308058864902705
-0.175032213330268860
-0.144369721412658691
0.105989888310432434
0.090001001954078674
-0.124156221747398376
-0.016893813386559486
-0.185754075646400452
0.000060128968470963
0.148454472422599792
-0.137064591050148010
0.172329857945442200
0.000321051600622013
-0.038268901407718658
0.109410002827644348
-0.070624366402626038
0.181124925613403320
0.193719059228897095
-0.175967857241630554
0.163096413016319275
0.103235892951488495
0.127835184335708618
0.023024613037705421
-0.245127812027931213
0.121832057833671570
-0.096548974514007568
0.000003665617896331
0.253083795309066772
-0.171271249651908875
0.088738694787025452
-0.158565774559974670
0.000327043584547937
-0.071752429008483887
-0.125153273344039917
0.197285130620002747
-0.145569548010826111
0.072418712079524994
-0.188136219978332520
-0.131402760744094849
-0.158400833606719971
-0.029335241764783859
0.173424154520034790
-0.102655328810214996
-0.173762947320938110
-0.029130373150110245
0.031555712223052979
-0.170785143971443176
0.166590452194213867
0.133439078927040100
-0.116464748978614807
-0.080658547580242157
-0.121684424579143524
-0.179697066545486450
-0.163972973823547363
0.171210378408432007
0.047180444002151489
0.137899547815322876
-0.118848793208599091
-0.056335296481847763
0.028157440945506096
-0.057455487549304962
0.027361853048205376
0.161767169833183289
-0.139889970421791077
-0.153662979602813721
0.140796154737472534
-0.000179206181201153
