#Layer 1 Weights:
1.431873202323913574 -3.402549028396606445 -0.559872627258300781 -3.697401523590087891 0.217292264103889465 -0.551332235336303711 -7.993556499481201172 -0.803546369075775146 2.973074436187744141 1.737093329429626465 6.316766262054443359 3.846214056015014648 4.788859367370605469 -0.917662978172302246 0.145160585641860962 2.154571533203125000 0.380326688289642334 0.947686374187469482 1.015955805778503418 8.935715675354003906
0.098694413900375366 -1.041645169258117676 0.311967432498931885 -0.173534795641899109 -0.123873524367809296 -0.715269625186920166 -0.812323451042175293 -0.332926273345947266 0.849013149738311768 0.584725379943847656 -0.239744558930397034 -0.821595132350921631 -0.595519185066223145 -0.439607173204421997 -0.238597124814987183 -0.875993490219116211 -0.341415703296661377 -0.316770553588867188 0.621896207332611084 0.297831416130065918
0.186062648892402649 -0.885937094688415527 0.089904054999351501 -0.832209229469299316 0.100006282329559326 -0.551021695137023926 0.479786872863769531 0.201216951012611389 -0.260597527027130127 -0.131675645709037781 -0.116121515631675720 -0.779284596443176270 -0.086268335580825806 -0.221724852919578552 -0.168656468391418457 -0.373653471469879150 -0.805867731571197510 -0.078083403408527374 -0.419655650854110718 0.048942487686872482
-0.470805287361145020 -0.705804347991943359 0.060470964759588242 1.605002641677856445 -0.356755882501602173 -0.569302380084991455 0.399583637714385986 1.540374159812927246 -0.886747062206268311 -0.505202233791351318 -0.784991145133972168 -0.682132422924041748 -0.689664840698242188 -0.512751698493957520 0.543244123458862305 -0.530861616134643555 -0.750800549983978271 -0.682945966720581055 0.366005867719650269 0.345691949129104614
-1.357531547546386719 1.841488838195800781 0.102104701101779938 0.710888028144836426 -1.218712210655212402 -0.407770335674285889 4.517835140228271484 0.944659769535064697 0.297866225242614746 -0.640333592891693115 -1.029477238655090332 -0.952048361301422119 -2.939420461654663086 -0.362595468759536743 0.471100658178329468 -0.175629094243049622 -0.796310365200042725 -1.288280606269836426 0.347125649452209473 -6.562846660614013672
9.379134178161621094 -5.653435707092285156 -0.930250585079193115 -5.453994274139404297 1.412895441055297852 -2.462304830551147461 -8.016705513000488281 -1.481037497520446777 6.329217433929443359 8.669088363647460938 6.858294486999511719 0.873826682567596436 9.575623512268066406 -3.365442276000976562 2.661296367645263672 5.005836963653564453 2.823278903961181641 1.168677210807800293 5.283717632293701172 9.795094490051269531
4.739478588104248047 -0.945960164070129395 0.102343745529651642 -0.476213604211807251 -0.528155088424682617 -0.597694456577301025 -1.370046734809875488 0.224180206656455994 0.448323428630828857 0.065845601260662079 -0.612465858459472656 0.119623854756355286 -0.393052995204925537 -0.458370774984359741 -0.907562732696533203 -0.362760037183761597 -0.587434887886047363 0.150906980037689209 1.663894653320312500 1.116027474403381348
0.608592808246612549 -0.315602123737335205 0.299518376588821411 -0.331509679555892944 0.037778846919536591 -0.536358296871185303 0.529331266880035400 0.322438776493072510 0.688453316688537598 -0.041226644068956375 -0.688683986663818359 -0.548180460929870605 -0.240138933062553406 -0.124282702803611755 -0.575752913951873779 -0.368772029876708984 -0.577276229858398438 -0.065705932676792145 -0.475466042757034302 -0.122290432453155518
3.656812906265258789 -1.043335318565368652 0.182821780443191528 -0.707081496715545654 -0.240268811583518982 -0.216771155595779419 -5.093693256378173828 0.026665674522519112 0.481616288423538208 1.061410427093505859 1.129679083824157715 1.751010298728942871 1.314825177192687988 -0.626581311225891113 0.743293046951293945 1.049669384956359863 0.451031923294067383 -0.429739534854888916 1.024408459663391113 1.575897693634033203
-0.894310235977172852 -1.015077710151672363 -0.315438210964202881 0.557608604431152344 0.023672249168157578 -1.022719740867614746 0.705259323120117188 0.110665909945964813 0.771917760372161865 -0.579441189765930176 -0.269289076328277588 -0.720950007438659668 -0.296900361776351929 -0.521434366703033447 0.187207400798797607 -0.183092653751373291 -0.140703186392784119 -0.175922557711601257 0.472246468067169189 0.645373940467834473
-2.263943433761596680 -1.286540031433105469 0.008302982896566391 0.206590816378593445 -0.733108758926391602 -0.416447490453720093 0.252488672733306885 0.545200705528259277 -1.926424860954284668 -1.104034066200256348 -0.752910137176513672 -1.006260633468627930 -0.856472551822662354 0.062985882163047791 -0.425972163677215576 -0.463240355253219604 -0.354351222515106201 -0.627832889556884766 -1.077391624450683594 -5.605149745941162109
11.752854347229003906 -0.734242677688598633 -0.493400633335113525 -0.478531777858734131 -0.253698468208312988 -0.137943640351295471 -1.308230996131896973 -0.083884313702583313 1.078014612197875977 0.539150476455688477 -0.174450770020484924 0.678777694702148438 -0.436951488256454468 0.124196082353591919 -0.520234763622283936 -0.805416345596313477 -0.712747037410736084 0.117234833538532257 2.679700136184692383 2.973342657089233398
2.711702346801757812 -0.593393206596374512 -0.218094184994697571 -0.295020073652267456 -0.356603384017944336 -0.103475145995616913 -1.480668663978576660 0.324667960405349731 0.413568407297134399 0.158633977174758911 -0.388117432594299316 0.065457507967948914 -0.514656662940979004 -0.033501297235488892 -0.432711809873580933 -1.054157972335815430 0.252107501029968262 0.029977818951010704 1.228764533996582031 0.185737833380699158
1.540566921234130859 -3.196381330490112305 -0.529754161834716797 -2.634109258651733398 0.022690366953611374 -0.364355385303497314 -8.928242683410644531 -0.861298024654388428 2.164472818374633789 3.603929042816162109 4.370830059051513672 6.583626270294189453 8.245825767517089844 0.140157550573348999 0.272031247615814209 0.111365251243114471 -0.472125023603439331 1.058488011360168457 1.891474723815917969 14.543442726135253906
2.225406408309936523 -1.266434192657470703 -0.329152375459671021 -0.886153340339660645 -0.160085394978523254 -0.679734528064727783 -0.598172545433044434 0.381389617919921875 1.065090894699096680 0.930733084678649902 1.083907604217529297 1.545216560363769531 0.295886576175689697 -0.317938268184661865 0.761042654514312744 0.653693437576293945 0.479899615049362183 -0.139157503843307495 1.116344451904296875 0.952264964580535889
1.820492506027221680 -1.866652727127075195 -0.216522142291069031 -0.597584366798400879 -0.220485821366310120 -0.698154449462890625 -2.101849555969238281 0.094473309814929962 0.663209974765777588 1.006724357604980469 2.307523012161254883 4.147014617919921875 0.989421069622039795 -0.213777020573616028 0.487090200185775757 0.602762997150421143 0.981954634189605713 -0.389994621276855469 1.398068785667419434 3.189846038818359375
-0.527803659439086914 -0.620012402534484863 0.173174470663070679 -0.635180294513702393 -0.109627671539783478 -0.418435782194137573 0.586072802543640137 0.053957544267177582 0.025525104254484177 -0.200112089514732361 -0.517861425876617432 -0.526386260986328125 -0.431563019752502441 -0.287287890911102295 -0.041470088064670563 -0.065096229314804077 -0.465900987386703491 -0.456554591655731201 -0.714679360389709473 -0.439738482236862183
-0.865730106830596924 0.747360944747924805 -0.798903286457061768 2.104266881942749023 -1.102895498275756836 0.182924821972846985 6.964571952819824219 0.299011617898941040 0.569698333740234375 -0.682019233703613281 -0.938416302204132080 -0.827950179576873779 -2.235182285308837891 0.260323047637939453 -0.027713606134057045 -1.112895965576171875 -0.729372501373291016 -1.004143357276916504 0.512517631053924561 -4.077056884765625000
1.532829403877258301 -1.178314805030822754 -0.270793408155441284 -4.492033481597900391 0.432150363922119141 -0.521090149879455566 -8.297115325927734375 -0.345201969146728516 4.274133682250976562 2.957036018371582031 8.205028533935546875 6.483785152435302734 6.923992156982421875 -0.514731764793395996 0.099207684397697449 0.670113801956176758 1.046675682067871094 0.747953832149505615 1.236247301101684570 12.121593475341796875
1.430509924888610840 -2.127150058746337891 -0.173658490180969238 -3.448200225830078125 -0.229559764266014099 -0.229730144143104553 -6.127055168151855469 -0.355573952198028564 3.966468572616577148 4.034635066986083984 5.607855319976806641 6.894531250000000000 7.423492908477783203 -1.310317277908325195 0.250727564096450806 0.279727429151535034 0.343090802431106567 1.793621897697448730 0.781204879283905029 10.379686355590820312
