#Layer 1 Weights:
0.719359278678894043 2.386132240295410156 -6.189598083496093750 1.225699067115783691 -0.477270334959030151 0.153293892741203308 -0.010687490925192833 -0.539971709251403809 0.718029677867889404 1.080172181129455566 -0.569013595581054688 0.912284433841705322 0.163483321666717529 -0.167989850044250488 1.858616352081298828 0.278380870819091797 2.123515844345092773 3.592406749725341797 -0.401718765497207642 0.186382323503494263
-0.826983451843261719 1.875797986984252930 -4.246097087860107422 1.552180886268615723 -0.132689669728279114 -0.984838128089904785 -0.293567121028900146 0.017257025465369225 -0.752145588397979736 2.996071815490722656 -9.432169914245605469 -0.357832998037338257 -0.415804505348205566 -0.853969454765319824 1.789632558822631836 -0.386016368865966797 3.054850816726684570 -0.530386090278625488 -0.115338049829006195 1.277391433715820312
-2.654039382934570312 -6.348650932312011719 -0.522557199001312256 -1.014803409576416016 -0.055405717343091965 0.053378723561763763 -1.497219324111938477 -0.276721507310867310 -0.436409831047058105 -1.308896780014038086 -0.637977480888366699 -4.791940689086914062 -0.034426666796207428 -0.333428770303726196 -3.443273067474365234 -0.550892651081085205 -2.346226215362548828 -6.335971832275390625 0.205793023109436035 -0.956666886806488037
-0.690374672412872314 -0.612298905849456787 -0.515929639339447021 -0.532366037368774414 -0.235070899128913879 -0.116666562855243683 -0.298845022916793823 -0.882906734943389893 -0.396870166063308716 -0.428079485893249512 -1.295141100883483887 -0.437871515750885010 -0.325612306594848633 -0.276990473270416260 -1.204645037651062012 -0.113405838608741760 -0.580177366733551025 -0.163063421845436096 -0.691700577735900879 -0.457407891750335693
-0.369447767734527588 -0.940872550010681152 -0.468367397785186768 -0.782457649707794189 -0.542921364307403564 -0.192121848464012146 -0.219079777598381042 -0.404898166656494141 -0.119592390954494476 -0.630641758441925049 0.510294079780578613 -0.097240902483463287 -0.396917581558227539 -0.408213287591934204 -1.361801862716674805 -0.732816934585571289 -0.449040442705154419 -0.513373255729675293 -0.078718572854995728 -0.753292381763458252
-0.345224231481552124 0.695372343063354492 -2.142488956451416016 0.349220424890518188 -0.203525871038436890 -1.038883328437805176 0.887770175933837891 -1.379967451095581055 -0.554633498191833496 0.200896501541137695 0.198773160576820374 0.319787323474884033 -0.442991256713867188 -0.844747722148895264 1.519278287887573242 -0.440845042467117310 0.552818596363067627 3.099920511245727539 -1.189432621002197266 0.797154247760772705
-0.791896343231201172 0.148383572697639465 -0.794187188148498535 -0.347494661808013916 -0.268476903438568115 -0.265856415033340454 -0.644561409950256348 -0.115863643586635590 -0.944862365722656250 -0.752418100833892822 -4.092529296875000000 -0.673896908760070801 -0.493142515420913696 -0.373994439840316772 -0.889576137065887451 -0.563745379447937012 -0.424220174551010132 -0.563667535781860352 -0.350375175476074219 -0.474774986505508423
-0.263511359691619873 0.127587810158729553 -1.578241705894470215 -0.390700310468673706 -0.326262682676315308 -0.445888966321945190 -0.648434400558471680 -0.512159168720245361 -0.874859809875488281 -0.581021726131439209 -8.352876663208007812 -0.699549496173858643 -0.653972208499908447 -0.387551248073577881 1.084556221961975098 -0.262038767337799072 -0.089902460575103760 10.880654335021972656 -0.466539204120635986 -0.321065038442611694
-1.315239429473876953 -2.020576715469360352 0.330516099929809570 -2.740468025207519531 -1.405308127403259277 -1.045306205749511719 -2.269648790359497070 -0.895321726799011230 -0.733277857303619385 -5.626151084899902344 -0.140757635235786438 -6.557594299316406250 -0.976475179195404053 -1.386868000030517578 -1.319839000701904297 -7.356942176818847656 -2.769413471221923828 -5.644713401794433594 -0.191067606210708618 -0.414518117904663086
-0.394009470939636230 -0.116338990628719330 -0.466098636388778687 -0.357568055391311646 -0.306961685419082642 -0.280637234449386597 -0.324111849069595337 -0.454805761575698853 -0.293645709753036499 -0.426121592521667480 0.345952153205871582 -0.553258419036865234 -0.192467451095581055 -0.739179134368896484 -0.605961859226226807 -0.332599610090255737 -0.700938045978546143 -0.309458851814270020 -0.037886817008256912 -0.398764878511428833
-0.572764039039611816 2.249215602874755859 -5.656791210174560547 -0.615968704223632812 -0.664336800575256348 -0.152089372277259827 -0.619503855705261230 -0.826373159885406494 -1.026817679405212402 -0.035336703062057495 -7.657172679901123047 -0.429815441370010376 -0.094714589416980743 -0.729880332946777344 2.059032201766967773 -0.614726781845092773 2.275732517242431641 -0.498900890350341797 -0.817498743534088135 -0.492063999176025391
-0.053794495761394501 2.360805273056030273 -2.486842155456542969 -0.165408954024314880 0.613327801227569580 0.489518642425537109 0.269548565149307251 0.206609115004539490 0.211577758193016052 -0.220373049378395081 -8.511465072631835938 0.016308363527059555 0.841134190559387207 0.572552323341369629 1.201790452003479004 0.779803931713104248 -0.171439021825790405 9.192991256713867188 0.622103989124298096 -0.214019492268562317
-0.430228948593139648 0.086366668343544006 -1.149583697319030762 -0.688872456550598145 -0.337914764881134033 -0.568726301193237305 -0.850422739982604980 -0.566798150539398193 -0.925807654857635498 -0.337086915969848633 -7.265006542205810547 -0.290230035781860352 -0.333795607089996338 -0.522264182567596436 0.387459427118301392 -0.418513566255569458 -0.301276594400405884 -0.551079928874969482 -0.108293607831001282 0.020999731495976448
-2.612757444381713867 -1.747688055038452148 -0.043830446898937225 -0.319913059473037720 -0.062185525894165039 -0.566049933433532715 1.913659095764160156 -0.816505730152130127 -1.264212965965270996 -0.364194661378860474 -0.132860332727432251 -0.100462891161441803 -0.347294002771377563 -0.920073032379150391 -0.078684143722057343 -0.412784934043884277 -0.145763859152793884 -1.018128275871276855 -0.988157451152801514 0.744915425777435303
-0.516076564788818359 -0.412732750177383423 -1.026294112205505371 0.596638679504394531 -0.758957803249359131 -0.454563587903976440 -0.668819963932037354 1.015558600425720215 -1.252253413200378418 0.337079465389251709 -3.163305282592773438 -0.566967070102691650 -1.200245261192321777 -0.465700566768646240 0.865756034851074219 -1.204530239105224609 -1.227138519287109375 -0.995440661907196045 -0.967564046382904053 1.025933623313903809
-0.210394635796546936 -1.021231651306152344 0.962792098522186279 -0.796706318855285645 -0.298130512237548828 -0.330570489168167114 1.075092911720275879 -0.349216729402542114 0.106396943330764771 -0.326683402061462402 -12.189034461975097656 -0.717342615127563477 -0.543878376483917236 -0.083746805787086487 0.426848948001861572 -0.552291393280029297 -0.711788237094879150 -0.102144777774810791 -0.696477234363555908 -0.082895062863826752
-1.645542860031127930 -2.125303745269775391 0.043743133544921875 -1.243415355682373047 -0.329136431217193604 -0.863033235073089600 -0.684546768665313721 1.535952448844909668 -1.269207477569580078 -2.947473049163818359 -0.388129979372024536 -1.069052934646606445 -0.474439322948455811 -0.498393118381500244 -1.033424854278564453 -0.966863274574279785 -3.351745367050170898 -2.037416934967041016 -0.841755926609039307 -1.246697902679443359
-0.525674521923065186 -0.629946529865264893 -0.775142192840576172 -0.903871536254882812 -0.274896055459976196 -1.028493762016296387 -0.206150382757186890 -0.584311962127685547 0.302815765142440796 -1.084072947502136230 0.564457058906555176 -0.508889198303222656 -0.958503603935241699 -0.706880927085876465 -1.491619348526000977 -0.740887105464935303 -0.640532374382019043 -1.819646716117858887 -0.534696102142333984 -0.364603489637374878
-0.573629558086395264 -0.537474393844604492 -0.516056120395660400 -0.232193693518638611 -0.769185006618499756 -0.643290281295776367 -0.558428823947906494 -0.471865385770797729 -0.346323817968368530 -0.248910948634147644 -1.030179023742675781 -0.219638019800186157 -0.309654504060745239 -0.084060207009315491 0.082792848348617554 -0.289744228124618530 -0.646792829036712646 -0.621419489383697510 -0.608476638793945312 -0.706871747970581055
-0.702437043190002441 2.185874700546264648 -6.002195835113525391 -0.374517589807510376 -0.174280598759651184 -0.695966184139251709 -0.230395495891571045 -1.015745639801025391 -0.636726498603820801 -0.821200788021087646 -4.508466243743896484 -0.207391917705535889 -0.666052520275115967 -0.223193228244781494 1.009220600128173828 -0.396861702203750610 0.049100425094366074 -0.648101210594177246 -0.446776717901229858 -0.434492468833923340
